16
16
11
10
11
22
16
16
16
10
11
9
14
16
16
14
11
14
17
16
9
11
14
13
11
14
14
19
19
10
16
15
14
25
11
11
11
13
23
17
14
11
17
16
11
11
11
9
16
11
11
9
11
14
16
9
9
15
9
9
9
22
16
13
9
9
16
16
9
14
19
11
9
9
11
25
19
9
21
9
25
14
14
9
9
13
19
10
9
9
17
19
25
12
16
11
15
11
9
15
9
17
9
14
21
9
15
9
11
27
11
22
11
9
23
19
12
11
16
11
9
16
9
11
16
17
10
16
15
23
9
19
11
10
11
11
11
26
11
16
17
21
19
30
11
15
9
11
17
11
21
9
13
15
13
12
9
11
11
9
13
21
10
16
13
15
11
11
9
11
22
14
17
11
11
9
19
9
22
9
16
16
9
11
11
21
9
21
18
17
16
18
12
15
20
9
9
18
9
15
18
16
11
25
18
18
9
10
9
20
19
9
9
11
13
12
22
